TratamientBloque    Nitrogeno(g) Fosforo(g)Densidad  Rendimiento
         1         1           90        20        35      2475
         1         2           90        20        35      2525
         1         3           90        20        35      2410
         2         1           90        20        52      2630
         2         2           90        20        52      2680
         2         3           90        20        52      2600
         3         1           90        40        35      2215
         3         2           90        40        35      2270
         3         3           90        40        35      2180
         4         1           90        40        52      3100
         4         2           90        40        52      3240
         4         3           90        40        52      3050
         5         1          120        20        35      2580
         5         2          120        20        35      2600
         5         3          120        20        35      2550
         6         1          120        20        52      3695
         6         2          120        20        52      3850
         6         3          120        20        52      3530
         7         1          120        40        35      2600
         7         2          120        40        35      2590
         7         3          120        40        35      2620
         8         1          120        40        52      4070
         8         2          120        40        52      4150
         8         3          120        40        52      4020
         9         1           60        20        35      1600
         9         2           60        20        35      1730
         9         3           60        20        35      1550
        10         1          150        40        52      3840
        10         2          150        40        52      3902
        10         3          150        40        52      3750
        11         1           90         0        35      2580
        11         2           90         0        35      2650
        11         3           90         0        35      2520
        12         1          120        60        52      4205
        12         2          120        60        52      4150
        12         3          120         6        52      4240
        13         1           90        20        23      1495
        13         2           90        20        23      1405
        13         3           90        20        23      1550
        14         1          120        40        65      3765
        14         2          120        40        65      3720
        14         3          120        40        65      3790
